,000,001,010,011,100,101,110,111
000,0.0,0.051686666666666665,0.041354666666666665,0.039300666666666664,0.0013333333333333333,0.046073333333333334,0.008182666666666666,0.116366
001,0.051686666666666665,0.0,0.027680666666666666,0.021655333333333332,0.012808666666666666,0.03142266666666667,0.06045266666666667,0.008211333333333333
010,0.041354666666666665,0.027680666666666666,0.0,0.045718,0.044448666666666664,0.062198,0.03170933333333333,0.046
011,0.039300666666666664,0.021655333333333332,0.045718,0.0,0.045482666666666664,0.04466133333333333,0.012755333333333334,0.0013373333333333334
100,0.003996666666666667,0.03855533333333333,0.13356533333333334,0.13639466666666666,0.0,0.13665066666666667,0.06603933333333334,0.11899933333333333
101,0.138112,0.09449866666666666,0.18634333333333333,0.13402466666666665,0.13665066666666667,0.0,0.08181866666666666,0.12246666666666667
110,0.02458,0.181802,0.09532333333333333,0.038236,0.06603933333333334,0.08181866666666666,0.0,0.154842
111,0.34885933333333335,0.024590666666666667,0.138226,0.0039566666666666665,0.11899933333333333,0.12246666666666667,0.154842,0.0
