,000,001,010,011,100,101,110,111
000,0,15707,12427,11860,405,13798,2463,34815
001,15707,0,8402,6516,3883,9471,18335,2443
010,12427,8402,0,13817,13376,18634,9558,13897
011,11860,6516,13817,0,13586,13380,3827,387
100,3995,38620,133675,136368,0,136794,66140,119070
101,138058,94614,186218,134045,136794,0,81746,122314
110,24596,182024,95421,38221,66140,81746,0,154802
111,348740,24569,138339,3929,119070,122314,154802,0
