,000,001,010,011,100,101,110,111
000,0,15707,12427,11860,405,13798,2463,34815
001,15707,0,8402,6516,3883,9471,18335,2443
010,12427,8402,0,13817,13376,18634,9558,13897
011,11860,6516,13817,0,13586,13380,3827,387
100,3590,34737,120299,122782,0,123039,59480,107160
101,124260,85143,167584,120665,123039,0,73581,110157
110,22133,163689,85863,34394,59480,73581,0,139320
111,313925,22126,124442,3542,107160,110157,139320,0
