,000,001,010,011,100,101,110,111
000,0,232520,185561,177381,5945,206894,36623,524592
001,232520,0,124162,97858,57690,141302,271537,36576
010,185561,124162,0,205052,201153,280456,141896,206618
011,177381,97858,205052,0,205197,201066,57266,5988
100,11940,115523,401501,409789,0,410027,197386,356401
101,414062,283050,559971,402103,410027,0,246825,368572
110,73493,544240,284881,114620,197386,246825,0,463950
111,1047881,73462,413957,11923,356401,368572,463950,0
