,000,001,010,011,100,101,110,111
000,0,77530,62032,58951,2000,69110,12274,174549
001,77530,0,41521,32483,19213,47134,90679,12317
010,62032,41521,0,68577,66673,93297,47564,69000
011,58951,32483,68577,0,68224,66992,19133,2006
100,5995,57833,200348,204592,0,204976,99059,178499
101,207168,141748,279515,201037,204976,0,122728,183700
110,36870,272703,142985,57354,99059,122728,0,232263
111,523289,36886,207339,5935,178499,183700,232263,0
