,000,001,010,011,100,101,110,111
000,0.0,0.154914,0.123706,0.11791966666666667,0.004005333333333333,0.13811933333333334,0.02437,0.3501453333333333
001,0.154914,0.0,0.08304133333333333,0.065451,0.03849933333333334,0.09435033333333333,0.181573,0.024405666666666666
010,0.123706,0.08304133333333333,0.0,0.136659,0.13465566666666667,0.18765266666666666,0.09437266666666666,0.13798733333333332
011,0.11791966666666667,0.065451,0.136659,0.0,0.13693366666666668,0.133974,0.038526333333333336,0.004014
100,0.004005333333333333,0.03849933333333334,0.13465566666666667,0.13693366666666668,0.0,0.13658033333333333,0.065377,0.11792666666666667
101,0.13811933333333334,0.09435033333333333,0.18765266666666666,0.133974,0.13658033333333333,0.0,0.083031,0.12363266666666667
110,0.02437,0.181573,0.09437266666666666,0.038526333333333336,0.065377,0.083031,0.0,0.15448666666666666
111,0.3501453333333333,0.024405666666666666,0.13798733333333332,0.004014,0.11792666666666667,0.12363266666666667,0.15448666666666666,0.0
