,000,001,010,011,100,101,110,111
000,0.0,0.139105,0.11188,0.106805,0.003495,0.12416,0.02206,0.312835
001,0.139105,0.0,0.07447,0.058775,0.034875,0.085635,0.16346,0.02202
010,0.11188,0.07447,0.0,0.12483,0.120545,0.166735,0.086665,0.124645
011,0.106805,0.058775,0.12483,0.0,0.123365,0.12109,0.034415,0.003405
100,0.0039,0.03879,0.13437,0.13693,0.0,0.136735,0.066205,0.119555
101,0.13777,0.095335,0.185095,0.134565,0.136735,0.0,0.081345,0.122285
110,0.024665,0.1817,0.095915,0.038035,0.066205,0.081345,0.0,0.154475
111,0.34873,0.024615,0.13824,0.00381,0.119555,0.122285,0.154475,0.0
