,000,001,010,011,100,101,110,111
000,0,154087,123803,117877,3953,137173,24073,349843
001,154087,0,82606,65247,38669,94363,181511,24066
010,123803,82606,0,136875,134243,186765,93696,137770
011,117877,65247,136875,0,137022,134230,38349,3872
100,3953,38669,134243,137022,0,137284,65351,117616
101,137173,94363,186765,134230,137284,0,82513,123960
110,24073,181511,93696,38349,65351,82513,0,154703
111,349843,24066,137770,3872,117616,123960,154703,0
