,000,001,010,011,100,101,110,111
000,0.0,0.07750666666666667,0.06185366666666667,0.059127,0.0019816666666666667,0.06896466666666666,0.012207666666666667,0.174864
001,0.07750666666666667,0.0,0.04138733333333333,0.032619333333333334,0.01923,0.047100666666666666,0.09051233333333333,0.012192
010,0.06185366666666667,0.04138733333333333,0.0,0.06835066666666667,0.067051,0.09348533333333334,0.04729866666666667,0.06887266666666667
011,0.059127,0.032619333333333334,0.06835066666666667,0.0,0.068399,0.067022,0.019088666666666667,0.001996
100,0.00398,0.03850766666666667,0.13383366666666666,0.13659633333333332,0.0,0.13667566666666667,0.06579533333333333,0.11880033333333333
101,0.13802066666666668,0.09435,0.186657,0.13403433333333334,0.13667566666666667,0.0,0.082275,0.12285733333333333
110,0.024497666666666668,0.18141333333333334,0.09496033333333333,0.03820666666666667,0.06579533333333333,0.082275,0.0,0.15465
111,0.34929366666666667,0.024487333333333333,0.13798566666666667,0.003974333333333333,0.11880033333333333,0.12285733333333333,0.15465,0.0
