,000,001,010,011,100,101,110,111
000,0,464742,371118,353759,12016,414358,73110,1050436
001,464742,0,249124,196353,115498,283051,544719,73217
010,371118,249124,0,409977,403967,562958,283118,413962
011,353759,196353,409977,0,410801,401922,115579,12042
100,12016,115498,403967,410801,0,409741,196131,353780
101,414358,283051,562958,401922,409741,0,249093,370898
110,73110,544719,283118,115579,196131,249093,0,463460
111,1050436,73217,413962,12042,353780,370898,463460,0
