,000,001,010,011,100,101,110,111
000,0.0,0.154087,0.123803,0.117877,0.003953,0.137173,0.024073,0.349843
001,0.154087,0.0,0.082606,0.065247,0.038669,0.094363,0.181511,0.024066
010,0.123803,0.082606,0.0,0.136875,0.134243,0.186765,0.093696,0.13777
011,0.117877,0.065247,0.136875,0.0,0.137022,0.13423,0.038349,0.003872
100,0.003953,0.038669,0.134243,0.137022,0.0,0.137284,0.065351,0.117616
101,0.137173,0.094363,0.186765,0.13423,0.137284,0.0,0.082513,0.12396
110,0.024073,0.181511,0.093696,0.038349,0.065351,0.082513,0.0,0.154703
111,0.349843,0.024066,0.13777,0.003872,0.117616,0.12396,0.154703,0.0
