,000,001,010,011,100,101,110,111
000,0.0,0.017452222222222223,0.013807777777777778,0.013177777777777778,0.00045,0.015331111111111111,0.0027366666666666668,0.03868333333333333
001,0.017452222222222223,0.0,0.009335555555555555,0.00724,0.0043144444444444445,0.010523333333333334,0.020372222222222222,0.0027144444444444442
010,0.013807777777777778,0.009335555555555555,0.0,0.015352222222222222,0.014862222222222223,0.020704444444444445,0.01062,0.01544111111111111
011,0.013177777777777778,0.00724,0.015352222222222222,0.0,0.015095555555555555,0.014866666666666667,0.004252222222222222,0.00043
100,0.003988888888888889,0.03859666666666667,0.13366555555555557,0.13642444444444443,0.0,0.13671,0.06608888888888889,0.11906666666666667
101,0.13806666666666667,0.09460333333333333,0.18620444444444445,0.13407222222222223,0.13671,0.0,0.08175666666666667,0.12239666666666667
110,0.024592222222222224,0.18187666666666666,0.09540333333333334,0.03821555555555556,0.06608888888888889,0.08175666666666667,0.0,0.1548
111,0.34880555555555554,0.024584444444444443,0.13826888888888889,0.003935555555555556,0.11906666666666667,0.12239666666666667,0.1548,0.0
