,000,001,010,011,100,101,110,111
000,0,224,175,271,0,251,54,247
001,224,0,194,121,3,167,558,48
010,175,194,0,346,265,251,209,273
011,271,121,346,0,411,264,3,0
100,0,6,596,916,0,823,273,526
101,559,369,562,597,823,0,385,440
110,119,1242,467,6,273,385,0,492
111,571,107,607,0,526,440,492,0
