,000,001,010,011,100,101,110,111
000,0,2479,2085,2860,0,2875,548,3138
001,2479,0,1827,1296,36,1813,6642,576
010,2085,1827,0,4199,2837,2921,1859,2913
011,2860,1296,4199,0,4314,2880,26,0
100,0,326,25586,39040,0,38430,11010,26156
101,26055,16457,25914,25845,38430,0,16974,18943
110,5021,60017,16642,258,11010,16974,0,21695
111,28152,5162,26420,0,26156,18943,21695,0
