,000,001,010,011,100,101,110,111
000,0.0,0.0112,0.00875,0.01355,0.0,0.01255,0.0027,0.01235
001,0.0112,0.0,0.0097,0.00605,0.00015,0.00835,0.0279,0.0024
010,0.00875,0.0097,0.0,0.0173,0.01325,0.01255,0.01045,0.01365
011,0.01355,0.00605,0.0173,0.0,0.02055,0.0132,0.00015,0.0
100,0.0,0.0003,0.0298,0.0458,0.0,0.04115,0.01365,0.0263
101,0.02795,0.01845,0.0281,0.02985,0.04115,0.0,0.01925,0.022
110,0.00595,0.0621,0.02335,0.0003,0.01365,0.01925,0.0,0.0246
111,0.02855,0.00535,0.03035,0.0,0.0263,0.022,0.0246,0.0
