,000,001,010,011,100,101,110,111
000,0.0,0.02182,0.018555,0.025945,0.0,0.025975,0.00502,0.02808
001,0.02182,0.0,0.016695,0.01161,0.00033,0.016275,0.05987,0.00527
010,0.018555,0.016695,0.0,0.03821,0.025495,0.02571,0.016485,0.02638
011,0.025945,0.01161,0.03821,0.0,0.039255,0.02634,0.000235,0.0
100,0.0,0.00036,0.028475,0.043835,0.0,0.04242,0.01253,0.02898
101,0.02877,0.01812,0.02852,0.029325,0.04242,0.0,0.01898,0.021265
110,0.005615,0.06608,0.01882,0.000265,0.01253,0.01898,0.0,0.02383
111,0.030935,0.005805,0.029415,0.0,0.02898,0.021265,0.02383,0.0
