,000,001,010,011,100,101,110,111
000,0.0,0.0027544444444444443,0.0023166666666666665,0.0031777777777777776,0.0,0.0031944444444444446,0.0006088888888888888,0.0034866666666666666
001,0.0027544444444444443,0.0,0.00203,0.00144,4e-05,0.0020144444444444446,0.00738,0.00064
010,0.0023166666666666665,0.00203,0.0,0.004665555555555556,0.003152222222222222,0.0032455555555555553,0.0020655555555555557,0.0032366666666666668
011,0.0031777777777777776,0.00144,0.004665555555555556,0.0,0.0047933333333333335,0.0032,2.8888888888888888e-05,0.0
100,0.0,0.0003622222222222222,0.02842888888888889,0.04337777777777778,0.0,0.0427,0.012233333333333334,0.029062222222222222
101,0.02895,0.018285555555555555,0.028793333333333334,0.028716666666666668,0.0427,0.0,0.01886,0.021047777777777776
110,0.005578888888888889,0.06668555555555555,0.01849111111111111,0.0002866666666666667,0.012233333333333334,0.01886,0.0,0.024105555555555557
111,0.03128,0.005735555555555555,0.029355555555555555,0.0,0.029062222222222222,0.021047777777777776,0.024105555555555557,0.0
