,000,001,010,011,100,101,110,111
000,0.0,0.024481666666666665,0.020775333333333333,0.029032666666666665,3.3333333333333333e-06,0.029003333333333332,0.005659,0.031559
001,0.024481666666666665,0.0,0.018697666666666668,0.012293,0.00035266666666666666,0.018169666666666667,0.06710966666666666,0.005612333333333334
010,0.020775333333333333,0.018697666666666668,0.0,0.04309466666666667,0.028646666666666668,0.028923,0.018171,0.028999666666666667
011,0.029032666666666665,0.012293,0.04309466666666667,0.0,0.043075333333333334,0.028832666666666666,0.0003536666666666667,1e-06
100,3.3333333333333333e-06,0.00035266666666666666,0.028646666666666668,0.043075333333333334,0.0,0.04317033333333333,0.012352,0.028802
101,0.029003333333333332,0.018169666666666667,0.028923,0.028832666666666666,0.04317033333333333,0.0,0.01880333333333333,0.020695333333333333
110,0.005659,0.06710966666666666,0.018171,0.0003536666666666667,0.012352,0.01880333333333333,0.0,0.024616333333333334
111,0.031559,0.005612333333333334,0.028999666666666667,1e-06,0.028802,0.020695333333333333,0.024616333333333334,0.0
