,000,001,010,011,100,101,110,111
000,0,2479,2085,2860,0,2875,548,3138
001,2479,0,1827,1296,36,1813,6642,576
010,2085,1827,0,4199,2837,2921,1859,2913
011,2860,1296,4199,0,4314,2880,26,0
100,0,362,28423,43354,0,42566,12257,29081
101,28930,18270,28835,28725,42566,0,18848,21070
110,5569,66659,18501,284,12257,18848,0,24104
111,31290,5738,29333,0,29081,21070,24104,0
