,000,001,010,011,100,101,110,111
000,0.0,0.002479,0.002085,0.00286,0.0,0.002875,0.000548,0.003138
001,0.002479,0.0,0.001827,0.001296,3.6e-05,0.001813,0.006642,0.000576
010,0.002085,0.001827,0.0,0.004199,0.002837,0.002921,0.001859,0.002913
011,0.00286,0.001296,0.004199,0.0,0.004314,0.00288,2.6e-05,0.0
100,0.0,0.000362,0.028423,0.043354,0.0,0.042566,0.012257,0.029081
101,0.02893,0.01827,0.028835,0.028725,0.042566,0.0,0.018848,0.02107
110,0.005569,0.066659,0.018501,0.000284,0.012257,0.018848,0.0,0.024104
111,0.03129,0.005738,0.029333,0.0,0.029081,0.02107,0.024104,0.0
