,000,001,010,011,100,101,110,111
000,0,73445,62326,87098,10,87010,16977,94677
001,73445,0,56093,36879,1058,54509,201329,16837
010,62326,56093,0,129284,85940,86769,54513,86999
011,87098,36879,129284,0,129226,86498,1061,3
100,10,1058,85940,129226,0,129511,37056,86406
101,87010,54509,86769,86498,129511,0,56410,62086
110,16977,201329,54513,1061,37056,56410,0,73849
111,94677,16837,86999,3,86406,62086,73849,0
