,000,001,010,011,100,101,110,111
000,0,4364,3711,5189,0,5195,1004,5616
001,4364,0,3339,2322,66,3255,11974,1054
010,3711,3339,0,7642,5099,5142,3297,5276
011,5189,2322,7642,0,7851,5268,47,0
100,0,72,5695,8767,0,8484,2506,5796
101,5754,3624,5704,5865,8484,0,3796,4253
110,1123,13216,3764,53,2506,3796,0,4766
111,6187,1161,5883,0,5796,4253,4766,0
